>>> gl_series[0][['depth_T','countT']].iloc[:10]
     depth_T  countT
0   1.541375       1
1   1.541375    2332
2   2.645669    4540
3   3.819495    5661
4   5.078224    8123
5   6.440614    8842
6   7.929560       2
7   7.929560   11943
8   9.572997   12401
9  11.405000   14013
>>> gld_series[0][['depth_T','countT']].iloc[:10]
     depth_T  countT
0   1.541375    2318
1   2.645669    4515
2   3.819495    5632
3   5.078224    8072
4   6.440614    8797
5   7.929560   11883
6   9.572997   12334
7  11.405000   13936
8  13.467140   11996
9  15.810070   12318
